0.192 0.214 0.812 0.449   -1.0
0.083 0.825 0.089 0.046   -1.0
0.901 0.738 0.701 0.897   1.0
0.777 0.704 0.980 0.430   1.0
0.259 0.466 0.862 0.240   -1.0
0.136 0.073 0.125 0.866   -1.0
0.340 0.057 0.894 0.152   -1.0
0.260 0.236 0.332 0.350   -1.0
0.518 0.251 0.020 0.219   -1.0
0.058 0.995 0.851 0.038   -1.0
0.047 0.298 0.891 0.909   1.0
0.252 0.044 0.611 0.377   -1.0
0.291 0.718 0.968 0.185   1.0
0.474 0.446 0.106 0.806   -1.0
0.388 0.324 0.046 0.407   -1.0
0.193 0.466 0.538 0.044   -1.0
0.962 0.091 0.802 0.854   -1.0
0.339 0.106 0.044 0.950   -1.0
0.954 0.241 0.201 0.922   1.0
0.071 0.396 0.872 0.177   -1.0
0.667 0.565 0.527 0.713   -1.0
0.069 0.906 0.438 0.607   1.0
0.942 0.569 0.041 0.744   1.0
0.041 0.083 0.529 0.085   -1.0
0.012 0.039 0.274 0.213   1.0
0.701 0.283 0.357 0.573   -1.0
0.560 0.240 0.025 0.087   1.0
0.997 0.156 0.858 0.435   1.0
0.808 0.377 0.332 0.849   1.0
0.756 0.889 0.203 0.284   -1.0
0.236 0.296 0.013 0.511   -1.0
0.974 0.211 0.792 0.332   1.0
0.252 0.892 0.024 0.277   1.0
0.976 0.274 0.135 0.834   1.0
0.898 0.641 0.086 0.231   -1.0
0.206 0.986 0.380 0.410   -1.0
0.354 0.646 0.567 0.367   -1.0
0.075 0.342 0.368 0.867   -1.0
0.152 0.120 0.566 0.175   -1.0
0.544 0.151 0.671 0.679   -1.0
0.380 0.577 0.626 0.465   1.0
0.116 0.672 0.794 0.496   1.0
0.065 0.850 0.727 0.631   1.0
0.884 0.707 0.559 0.252   1.0
0.232 0.404 0.694 0.798   1.0
0.090 0.342 0.731 0.761   -1.0
0.716 0.140 0.599 0.342   -1.0
0.407 0.458 0.277 0.201   1.0
0.358 0.266 0.804 0.086   -1.0
0.021 0.969 0.603 0.580   1.0
0.177 0.812 0.625 0.871   1.0
0.205 0.961 0.951 0.935   1.0
0.973 0.651 0.861 0.572   -1.0
0.467 0.979 0.451 0.744   1.0
0.405 0.102 0.445 0.209   -1.0
0.342 0.230 0.157 0.945   -1.0
0.379 0.123 0.621 0.004   1.0
0.230 0.209 0.954 0.182   -1.0
0.676 0.154 0.795 0.537   1.0
0.788 0.004 0.705 0.239   -1.0
0.885 0.644 0.850 0.330   1.0
0.038 0.672 0.083 0.195   -1.0
0.893 0.574 0.740 0.514   1.0
0.734 0.744 0.787 0.689   1.0
0.931 0.364 0.080 0.726   1.0
0.806 0.514 0.906 0.511   1.0
0.653 0.395 0.398 0.503   -1.0
0.251 0.541 0.398 0.334   -1.0
0.015 0.227 0.310 0.756   -1.0
0.887 0.490 0.485 0.674   1.0
0.411 0.605 0.543 0.491   1.0
0.444 0.297 0.846 0.350   -1.0
0.599 0.003 0.204 0.997   -1.0
0.929 0.248 0.048 0.327   -1.0
0.784 0.342 0.810 0.094   1.0
0.551 0.981 0.587 0.036   1.0
0.765 0.447 0.260 0.308   -1.0
0.591 0.752 0.235 0.436   1.0
0.044 0.035 0.105 0.247   -1.0
0.611 0.176 0.281 0.659   -1.0
0.863 0.443 0.844 0.673   1.0
0.942 0.224 0.517 0.529   1.0
0.172 0.294 0.707 0.432   -1.0
0.645 0.022 0.353 0.881   -1.0
0.455 0.925 0.494 0.559   1.0
0.526 0.171 0.348 0.807   -1.0
0.851 0.670 0.272 0.695   1.0
0.809 0.637 0.567 0.326   1.0
0.827 0.498 0.459 0.534   1.0
0.060 0.180 0.953 0.414   -1.0
0.411 0.868 0.985 0.905   1.0
0.157 0.432 0.598 0.505   -1.0
0.428 0.356 0.909 0.700   1.0
0.252 0.509 0.688 0.819   1.0
0.853 0.647 0.333 0.312   1.0
0.264 0.373 0.361 0.216   -1.0
0.422 0.628 0.655 0.407   1.0
0.082 0.564 0.965 0.681   1.0
0.203 0.108 0.425 0.112   -1.0
0.476 0.364 0.317 0.164   -1.0
0.152 0.017 0.830 0.486   -1.0
0.011 0.750 0.703 0.372   1.0
0.489 0.794 0.593 0.144   1.0
0.126 0.227 0.765 0.091   -1.0
0.835 0.294 0.016 0.260   -1.0
0.824 0.737 0.770 0.141   1.0
0.953 0.294 0.918 0.783   1.0
0.248 0.793 0.529 0.951   1.0
0.495 0.440 0.958 0.089   -1.0
0.159 0.215 0.811 0.924   1.0
0.719 0.759 0.600 0.734   1.0
0.005 0.558 0.756 0.775   1.0
0.657 0.728 0.993 0.575   1.0
0.773 0.823 0.304 0.302   1.0
0.468 0.797 0.214 0.427   -1.0
0.798 0.586 0.101 0.610   1.0
0.406 0.328 0.270 0.006   -1.0
0.289 0.011 0.621 0.045   -1.0
0.321 0.702 0.514 0.314   -1.0
0.025 0.087 0.099 0.328   -1.0
0.872 0.797 0.187 0.086   -1.0
0.073 0.884 0.809 0.174   -1.0
0.319 0.580 0.822 0.589   1.0
0.885 0.878 0.597 0.506   1.0
0.383 0.826 0.624 0.898   1.0
0.901 0.922 0.228 0.999   1.0
0.618 0.872 0.047 0.805   -1.0
0.270 0.878 0.842 0.079   1.0
0.336 0.399 0.631 0.158   1.0
0.217 0.043 0.865 0.814   -1.0
0.788 0.197 0.375 0.412   -1.0
0.516 0.313 0.017 0.744   -1.0
0.267 0.361 0.184 0.314   -1.0
0.142 0.584 0.044 0.984   -1.0
0.095 0.320 0.062 0.726   -1.0
0.049 0.943 0.520 0.914   1.0
0.069 0.703 0.954 0.444   1.0
0.049 0.959 0.428 0.066   -1.0
0.740 0.333 0.064 0.924   1.0
0.230 0.066 0.231 0.274   -1.0
0.894 0.369 0.369 0.956   1.0
0.847 0.005 0.038 0.367   -1.0
0.795 0.436 0.622 0.749   1.0
0.737 0.798 0.839 0.165   1.0
0.542 0.906 0.197 0.606   1.0
0.844 0.837 0.896 0.075   1.0
0.946 0.969 0.480 0.316   1.0
0.575 0.163 0.931 0.613   1.0
0.851 0.408 0.966 0.473   1.0
0.845 0.210 0.954 0.684   1.0
0.818 0.226 0.281 0.015   -1.0
0.111 0.859 0.670 0.008   -1.0
0.781 0.954 0.903 0.261   1.0
0.829 0.836 0.432 0.760   1.0
0.962 0.610 0.856 0.928   1.0
0.013 0.773 0.294 0.967   1.0
0.669 0.785 0.684 0.950   1.0
0.516 0.062 0.658 0.186   -1.0
0.592 0.966 0.023 0.495   1.0
0.292 0.324 0.063 0.724   -1.0
0.511 0.686 0.694 0.368   1.0
0.777 0.380 0.387 0.070   -1.0
0.844 0.740 0.132 0.527   1.0
0.932 0.044 0.752 0.590   1.0
0.821 0.182 0.196 0.844   1.0
0.423 0.136 0.001 0.486   -1.0
0.084 0.997 0.547 0.778   1.0
0.160 0.554 0.745 0.547   1.0
0.093 0.391 0.365 0.225   -1.0
0.055 0.157 0.962 0.807   -1.0
0.191 0.628 0.929 0.387   1.0
0.606 0.810 0.609 0.607   1.0
0.469 0.691 0.292 0.016   -1.0
0.657 0.177 0.023 0.402   -1.0
0.648 0.495 0.114 0.013   -1.0
0.032 0.067 0.876 0.994   -1.0
0.623 0.185 0.502 0.552   -1.0
0.974 0.158 0.381 0.583   1.0
0.676 0.052 0.456 0.968   1.0
0.925 0.626 0.245 0.948   1.0
0.968 0.595 0.523 0.083   1.0
0.243 0.115 0.675 0.119   -1.0
0.550 0.743 0.293 0.052   -1.0
0.864 0.026 0.453 0.245   -1.0
0.218 0.921 0.661 0.674   1.0
0.730 0.598 0.515 0.975   1.0
0.543 0.943 0.141 0.066   -1.0
0.750 0.309 0.141 0.425   -1.0
0.249 0.975 0.171 0.542   -1.0
0.466 0.407 0.053 0.919   -1.0
0.662 0.137 0.573 0.323   -1.0
0.463 0.053 0.409 0.978   -1.0
0.955 0.522 0.971 0.096   1.0
0.997 0.846 0.897 0.138   1.0
0.325 0.387 0.246 0.496   -1.0
0.272 0.961 0.336 0.325   -1.0
0.989 0.987 0.017 0.562   1.0
0.827 0.025 0.363 0.236   -1.0
0.392 0.191 0.525 0.363   -1.0
0.113 0.360 0.133 0.009   -1.0
0.404 0.334 0.886 0.650   1.0
0.816 0.922 0.791 0.152   1.0
0.671 0.141 0.234 0.688   -1.0
0.544 0.515 0.727 0.907   1.0
0.731 0.299 0.942 0.256   1.0
0.230 0.368 0.022 0.363   -1.0
0.521 0.767 0.712 0.407   1.0
0.542 0.222 0.339 0.333   -1.0
0.586 0.005 0.515 0.820   -1.0
0.218 0.364 0.208 0.945   -1.0
0.959 0.676 0.570 0.901   1.0
0.232 0.130 0.299 0.254   -1.0
0.677 0.775 0.260 0.388   1.0
0.678 0.930 0.404 0.017   1.0
0.778 0.603 0.267 0.293   -1.0
0.960 0.511 0.787 0.168   1.0
0.059 0.126 0.131 0.629   -1.0
0.063 0.861 0.157 0.362   -1.0
0.650 0.039 0.889 0.911   1.0
0.071 0.588 0.357 0.475   -1.0
0.620 0.253 0.209 0.887   -1.0
0.632 0.847 0.057 0.419   -1.0
0.513 0.478 0.141 0.644   -1.0
0.168 0.707 0.967 0.325   1.0
0.081 0.975 0.107 0.971   1.0
0.534 0.042 0.474 0.891   -1.0
0.080 0.510 0.769 0.288   -1.0
0.316 0.920 0.245 0.373   -1.0
0.259 0.886 0.817 0.400   1.0
0.923 0.568 0.237 0.889   1.0
0.305 0.971 0.869 0.412   1.0
0.755 0.946 0.983 0.229   1.0
0.499 0.309 0.347 0.269   -1.0
0.745 0.585 0.517 0.989   -1.0
0.856 0.249 0.843 0.673   1.0
0.373 0.595 0.217 0.609   -1.0
0.110 0.914 0.456 0.979   1.0
0.397 0.734 0.273 0.380   1.0
0.110 0.879 0.271 0.458   -1.0
0.868 0.202 0.733 0.385   1.0
0.690 0.241 0.440 0.533   -1.0
0.089 0.906 0.509 0.306   -1.0
0.994 0.416 0.429 0.450   1.0
0.756 0.847 0.129 0.029   -1.0
0.091 0.139 0.106 0.363   -1.0
0.254 0.231 0.799 0.987   1.0
0.990 0.677 0.857 0.430   1.0
0.771 0.519 0.116 0.281   -1.0
0.630 0.275 0.241 0.059   -1.0
0.636 0.815 0.571 0.765   1.0
0.798 0.857 0.983 0.904   1.0
0.580 0.158 0.450 0.379   -1.0
0.066 0.369 0.822 0.924   1.0
0.032 0.695 0.318 0.148   1.0
0.143 0.778 0.250 0.385   -1.0
0.974 0.021 0.653 0.545   1.0
0.497 0.343 0.643 0.480   -1.0
0.862 0.060 0.405 0.312   -1.0
0.550 0.378 0.808 0.372   1.0
0.607 0.404 0.997 0.925   1.0
0.972 0.069 0.330 0.222   -1.0
0.168 0.196 0.475 0.821   -1.0
0.261 0.318 0.085 0.904   -1.0
0.332 0.766 0.859 0.737   1.0
0.298 0.286 0.456 0.105   -1.0
0.758 0.713 0.063 0.755   1.0
0.615 0.727 0.707 0.945   1.0
0.160 0.114 0.146 0.635   -1.0
0.888 0.896 0.253 0.972   1.0
0.052 0.304 0.566 0.911   -1.0
0.643 0.208 0.327 0.100   -1.0
0.986 0.858 0.026 0.048   -1.0
0.664 0.663 0.340 0.371   1.0
0.289 0.532 0.723 0.435   -1.0
0.658 0.322 0.063 0.911   -1.0
0.863 0.962 0.599 0.429   1.0
0.640 0.072 0.081 0.967   -1.0
0.395 0.953 0.030 0.421   -1.0
0.642 0.085 0.665 0.982   1.0
0.274 0.271 0.988 0.996   1.0
0.155 0.654 0.028 0.218   -1.0
0.323 0.081 0.527 0.922   -1.0
0.400 0.561 0.582 0.481   1.0
0.754 0.876 0.481 0.783   1.0
0.482 0.426 0.383 0.147   -1.0
0.839 0.420 0.679 0.828   1.0
0.385 0.983 0.070 0.414   -1.0
0.635 0.736 0.282 0.162   -1.0
0.792 0.562 0.220 0.374   -1.0
0.748 0.128 0.919 0.229   1.0
0.216 0.711 0.337 0.599   -1.0
0.745 0.438 0.278 0.425   -1.0
0.694 0.810 0.248 0.765   1.0
0.449 0.400 0.960 0.732   1.0
0.618 0.524 0.123 0.838   1.0
0.166 0.585 0.027 0.085   -1.0
0.938 0.301 0.525 0.275   1.0
0.383 0.020 0.337 0.660   -1.0
0.602 0.355 0.255 0.850   1.0
0.478 0.300 0.519 0.438   -1.0
0.080 0.056 0.556 0.203   -1.0
0.455 0.369 0.479 0.481   -1.0
0.293 0.419 0.755 0.818   1.0
0.654 0.201 0.714 0.991   1.0
0.159 0.593 0.216 0.413   -1.0
0.335 0.891 0.743 0.854   1.0
0.775 0.935 0.385 0.331   1.0
0.279 0.786 0.507 0.758   1.0
0.961 0.051 0.686 0.716   1.0
0.380 0.369 0.070 0.094   -1.0
0.931 0.253 0.953 0.147   1.0
0.396 0.482 0.557 0.139   -1.0
0.887 0.914 0.271 0.272   1.0
0.409 0.551 0.031 0.916   -1.0
0.298 0.878 0.360 0.984   1.0
0.229 0.364 0.963 0.300   -1.0
0.323 0.231 0.711 0.276   -1.0
0.377 0.672 0.861 0.935   1.0
0.197 0.821 0.725 0.469   1.0
0.970 0.878 0.644 0.001   1.0
0.953 0.299 0.672 0.313   1.0
0.265 0.543 0.647 0.228   -1.0
0.106 0.551 0.073 0.817   -1.0
0.451 0.195 0.498 0.312   -1.0
0.309 0.509 0.951 0.034   1.0
0.044 0.004 0.856 0.689   -1.0
0.650 0.642 0.304 0.322   1.0
0.587 0.587 0.498 0.234   -1.0
0.341 0.339 0.367 0.414   -1.0
0.194 0.865 0.351 0.692   1.0
0.480 0.001 0.687 0.431   -1.0
0.664 0.476 0.039 0.520   -1.0
0.044 0.170 0.806 0.347   -1.0
0.762 0.934 0.079 0.260   1.0
0.894 0.601 0.507 0.261   1.0
0.664 0.455 0.880 0.015   1.0
0.058 0.495 0.148 0.744   -1.0
0.184 0.409 0.402 0.223   -1.0
0.567 0.267 0.098 0.373   -1.0
0.590 0.135 0.548 0.668   -1.0
0.716 0.562 0.996 0.223   1.0
0.011 0.887 0.278 0.892   1.0
0.425 0.949 0.397 0.574   1.0
0.324 0.757 0.102 0.726   1.0
0.031 0.292 0.247 0.129   -1.0
0.861 0.718 0.800 0.409   1.0
0.196 0.125 0.949 0.192   -1.0
0.773 0.203 0.235 0.051   -1.0
0.137 0.476 0.044 0.534   -1.0
0.738 0.858 0.808 0.840   1.0
0.788 0.870 0.876 0.035   -1.0
0.541 0.896 0.717 0.342   1.0
0.104 0.537 0.431 0.053   -1.0
0.779 0.825 0.932 0.015   1.0
0.026 0.152 0.353 0.070   -1.0
0.403 0.808 0.543 0.210   -1.0
0.126 0.998 0.518 0.002   -1.0
0.517 0.543 0.929 0.235   1.0
0.235 0.339 0.422 0.666   -1.0
0.151 0.446 0.217 0.083   -1.0
0.093 0.109 0.612 0.446   -1.0
0.297 0.849 0.987 0.840   1.0
0.635 0.967 0.057 0.153   1.0
0.090 0.670 0.512 0.020   -1.0
0.397 0.255 0.244 0.819   -1.0
0.635 0.969 0.367 0.852   1.0
0.827 0.946 0.161 0.439   1.0
0.340 0.736 0.240 0.327   -1.0
0.299 0.962 0.543 0.356   1.0
0.512 0.446 0.785 0.024   -1.0
0.690 0.421 0.720 0.934   1.0
0.641 0.569 0.209 0.008   -1.0
0.261 0.835 0.367 0.422   -1.0
0.759 0.762 0.010 0.999   1.0
0.586 0.298 0.050 0.129   -1.0
0.165 0.641 0.100 0.950   -1.0
0.565 0.640 0.086 0.286   -1.0
0.326 0.927 0.144 0.535   -1.0
0.565 0.796 0.770 0.933   1.0
0.043 0.692 0.979 0.053   -1.0
0.068 0.639 0.988 0.118   -1.0
0.642 0.283 0.410 0.741   1.0
0.075 0.306 0.873 0.161   -1.0
0.447 0.487 0.519 0.591   1.0
0.454 0.156 0.817 0.224   -1.0
0.035 0.268 0.781 0.014   -1.0
0.471 0.081 0.960 0.459   -1.0
0.728 0.101 0.482 0.138   -1.0
0.715 0.213 0.148 0.589   -1.0
0.741 0.036 0.862 0.260   -1.0
0.884 0.714 0.783 0.701   1.0
0.872 0.736 0.206 0.653   1.0
0.527 0.124 0.830 0.486   -1.0
0.030 0.215 0.684 0.512   -1.0
0.526 0.227 0.566 0.675   -1.0
0.941 0.415 0.852 0.803   1.0
0.479 0.687 0.389 0.262   -1.0
0.327 0.134 0.124 0.533   -1.0
0.873 0.060 0.912 0.703   1.0
0.495 0.733 0.761 0.179   1.0
0.114 0.706 0.472 0.680   -1.0
0.288 0.621 0.796 0.140   -1.0
0.471 0.619 0.111 0.860   1.0
0.499 0.188 0.016 0.622   -1.0
0.803 0.495 0.780 0.715   1.0
0.326 0.210 0.931 0.087   -1.0
0.176 0.201 0.095 0.648   -1.0
0.476 0.936 0.502 0.272   1.0
0.926 0.743 0.695 0.037   1.0
0.577 0.536 0.791 0.592   1.0
0.512 0.396 0.653 0.292   -1.0
0.852 0.618 0.320 0.783   1.0
0.709 0.959 0.905 0.804   1.0
0.786 0.280 0.543 0.288   -1.0
0.619 0.214 0.295 0.314   -1.0
0.899 0.891 0.786 0.690   1.0
0.944 0.201 0.879 0.598   1.0
0.989 0.449 0.111 0.309   -1.0
0.816 0.019 0.192 0.721   -1.0
0.799 0.507 0.103 0.342   -1.0
0.655 0.961 0.009 0.950   1.0
0.259 0.849 0.166 0.045   -1.0
0.649 0.990 0.740 0.528   1.0
0.233 0.517 0.037 0.344   -1.0
0.269 0.160 0.845 0.461   -1.0
0.668 0.260 0.388 0.771   1.0
0.183 0.426 0.562 0.192   -1.0
0.837 0.451 0.224 0.003   -1.0
0.763 0.652 0.487 0.502   1.0
0.074 0.735 0.697 0.111   -1.0
0.523 0.380 0.239 0.369   -1.0
0.120 0.037 0.101 0.509   -1.0
0.703 0.692 0.234 0.265   -1.0
0.610 0.102 0.335 0.834   -1.0
0.832 0.597 0.757 0.319   1.0
0.937 0.393 0.835 0.635   1.0
0.914 0.158 0.884 0.154   1.0
0.726 0.274 0.563 0.827   1.0
0.371 0.530 0.475 0.605   -1.0
0.359 0.215 0.896 0.694   1.0
0.001 0.527 0.646 0.759   -1.0
0.745 0.696 0.239 0.580   1.0
0.742 0.495 0.489 0.627   1.0
0.015 0.352 0.922 0.579   -1.0
0.705 0.950 0.709 0.180   1.0
0.503 0.539 0.770 0.399   1.0
0.819 0.401 0.760 0.465   1.0
0.606 0.211 0.856 0.845   1.0
0.187 0.587 0.285 0.675   -1.0
0.934 0.691 0.566 0.856   1.0
0.745 0.561 0.220 0.454   -1.0
0.775 0.957 0.281 0.545   1.0
0.514 0.364 0.757 0.275   -1.0
0.917 0.881 0.040 0.772   1.0
0.831 0.959 0.312 0.116   1.0
0.526 0.050 0.326 0.092   -1.0
0.595 0.837 0.467 0.815   1.0
0.209 0.590 0.248 0.490   -1.0
0.604 0.004 0.498 0.361   -1.0
0.327 0.278 0.159 0.367   -1.0
0.884 0.198 0.010 0.197   -1.0
0.644 0.723 0.364 0.970   1.0
0.269 0.565 0.651 0.737   1.0
0.942 0.945 0.970 0.190   1.0
0.104 0.794 0.439 0.602   -1.0
0.717 0.930 0.434 0.876   1.0
0.484 0.761 0.495 0.494   -1.0
0.809 0.138 0.680 0.172   -1.0
0.494 0.442 0.673 0.146   -1.0
0.053 0.088 0.124 0.022   -1.0
0.558 0.126 0.072 0.997   -1.0
0.228 0.714 0.658 0.661   1.0
0.955 0.145 0.351 0.450   -1.0
0.308 0.259 0.777 0.989   1.0
0.885 0.483 0.873 0.557   1.0
0.051 0.610 0.717 0.175   -1.0
0.995 0.733 0.758 0.067   1.0
0.487 0.295 0.444 0.145   1.0
0.035 0.100 0.102 0.386   -1.0
0.741 0.694 0.810 0.518   1.0
0.241 0.403 0.166 0.114   1.0
0.794 0.166 0.570 0.511   1.0
0.202 0.506 0.074 0.960   -1.0
0.804 0.447 0.868 0.249   1.0
0.824 0.283 0.692 0.925   1.0
0.243 0.666 0.363 0.052   -1.0
0.046 0.294 0.586 0.212   -1.0
0.546 0.006 0.574 0.116   -1.0
0.915 0.318 0.023 0.989   1.0
0.596 0.793 0.725 0.464   1.0
0.316 0.287 0.325 0.008   -1.0
0.994 0.251 0.879 0.358   1.0
0.062 0.404 0.597 0.649   -1.0
0.005 0.195 0.622 0.578   -1.0
0.140 0.493 0.629 0.163   -1.0
0.906 0.759 0.275 0.631   1.0
0.316 0.947 0.510 0.642   -1.0
0.723 0.636 0.206 0.601   -1.0
0.510 0.664 0.398 0.106   -1.0
0.013 0.111 0.507 0.635   -1.0
0.818 0.775 0.182 0.446   1.0
0.664 0.353 0.697 0.939   -1.0
0.920 0.255 0.931 0.430   1.0
0.887 0.153 0.533 0.093   -1.0
0.526 0.603 0.418 0.924   1.0
0.730 0.937 0.820 0.237   1.0
0.510 0.055 0.347 0.692   -1.0
0.285 0.356 0.853 0.982   1.0
0.837 0.902 0.549 0.768   1.0
0.446 0.655 0.485 0.979   1.0
0.239 0.505 0.351 0.657   -1.0
0.060 0.387 0.366 0.880   -1.0
0.939 0.390 0.679 0.286   1.0
0.179 0.572 0.438 0.033   -1.0
0.732 0.870 0.456 0.281   1.0
0.788 0.727 0.293 0.274   1.0
0.041 0.513 0.211 0.392   -1.0
0.640 0.452 0.558 0.007   -1.0
0.182 0.946 0.722 0.860   1.0
0.804 0.040 0.804 0.241   -1.0
0.357 0.973 0.943 0.813   1.0
0.581 0.602 0.982 0.873   1.0
0.688 0.914 0.388 0.900   1.0
0.559 0.540 0.757 0.116   -1.0
0.089 0.298 0.492 0.811   -1.0
0.724 0.614 0.198 0.527   1.0
0.271 0.885 0.829 0.214   1.0
0.083 0.794 0.300 0.065   -1.0
0.175 0.754 0.582 0.564   1.0
0.888 0.123 0.193 0.645   -1.0
0.739 0.734 0.537 0.231   1.0
0.696 0.955 0.159 0.894   1.0
0.014 0.165 0.367 0.843   -1.0
0.066 0.926 0.174 0.366   1.0
0.841 0.541 0.746 0.423   1.0
0.399 0.311 0.228 0.592   1.0
0.467 0.331 0.690 0.004   -1.0
0.234 0.700 0.518 0.393   -1.0
0.001 0.408 0.759 0.368   -1.0
0.138 0.434 0.177 0.312   -1.0
0.169 0.153 0.341 0.915   -1.0
0.446 0.314 0.887 0.673   1.0
0.843 0.140 0.237 0.532   -1.0
0.800 0.767 0.844 0.318   1.0
0.437 0.319 0.567 0.196   -1.0
0.818 0.335 0.121 0.995   1.0
0.920 0.164 0.799 0.261   1.0
0.375 0.707 0.393 0.262   -1.0
0.298 0.105 0.520 0.535   -1.0
0.664 0.335 0.404 0.508   -1.0
0.563 0.945 0.972 0.131   1.0
0.659 0.949 0.476 0.779   1.0
0.122 0.700 0.109 0.921   1.0
0.188 0.297 0.667 0.580   -1.0
0.047 0.879 0.664 0.567   1.0
0.301 0.232 0.749 0.704   -1.0
0.403 0.268 0.685 0.375   -1.0
0.827 0.033 0.348 0.303   -1.0
0.292 0.425 0.512 0.400   -1.0
0.473 0.588 0.643 0.140   -1.0
0.202 0.187 0.047 0.866   -1.0
0.461 0.167 0.985 0.211   -1.0
0.725 0.614 0.139 0.410   1.0
0.537 0.236 0.022 0.885   -1.0
0.834 0.177 0.965 0.346   1.0
0.312 0.819 0.165 0.955   -1.0
0.334 0.157 0.145 0.381   -1.0
0.899 0.842 0.189 0.884   1.0
0.060 0.609 0.667 0.199   -1.0
0.655 0.737 0.255 0.676   1.0
0.795 0.511 0.799 0.759   1.0
0.376 0.071 0.676 0.541   -1.0
0.635 0.874 0.183 0.780   1.0
0.206 0.678 0.097 0.395   -1.0
0.150 0.456 0.171 0.817   -1.0
0.190 0.471 0.391 0.445   -1.0
0.013 0.240 0.658 0.812   1.0
0.515 0.187 0.070 0.191   -1.0
0.096 0.826 0.602 0.278   -1.0
0.858 0.484 0.284 0.955   1.0
0.846 0.105 0.335 0.018   -1.0
0.989 0.208 0.393 0.381   -1.0
0.540 0.394 0.893 0.199   1.0
0.892 0.714 0.393 0.962   1.0
0.121 0.057 0.731 0.724   -1.0
0.336 0.581 0.820 0.620   1.0
0.699 0.467 0.641 0.034   -1.0
0.562 0.023 0.692 0.955   1.0
0.345 0.495 0.798 0.238   -1.0
0.004 0.130 0.407 0.397   -1.0
0.312 0.518 0.149 0.043   -1.0
0.485 0.379 0.823 0.305   1.0
0.359 0.004 0.466 1.000   -1.0
0.950 0.562 0.061 0.643   1.0
0.465 0.988 0.012 0.263   -1.0
0.706 0.267 0.356 0.113   -1.0
0.448 0.426 0.182 0.597   -1.0
0.424 0.082 0.848 0.248   -1.0
0.847 0.607 0.391 0.314   1.0
0.428 0.264 0.169 0.489   -1.0
0.685 0.955 0.895 0.697   1.0
0.121 0.403 0.485 0.477   -1.0
0.149 0.925 0.942 0.332   1.0
0.410 0.756 0.604 0.258   1.0
0.991 0.106 0.610 0.382   1.0
0.217 0.810 0.683 0.385   1.0
0.590 0.071 0.254 0.485   -1.0
0.472 0.606 0.171 0.957   1.0
0.687 0.106 0.009 0.628   -1.0
0.531 0.039 0.194 0.136   -1.0
0.197 0.127 0.403 0.807   -1.0
0.822 0.024 0.319 0.505   -1.0
0.619 0.095 0.480 0.873   1.0
0.248 0.346 0.187 0.419   -1.0
0.270 0.106 0.409 0.279   -1.0
0.846 0.811 0.773 0.040   1.0
0.070 0.237 0.074 0.473   -1.0
0.583 0.294 0.069 0.902   -1.0
0.479 0.521 0.895 0.959   1.0
0.475 0.207 0.740 0.662   1.0
0.043 0.932 0.733 0.451   1.0
0.467 0.298 0.022 0.240   -1.0
0.968 0.311 0.575 0.042   -1.0
0.620 0.625 0.078 0.689   1.0
0.877 0.168 0.048 0.772   -1.0
0.442 0.247 0.334 0.182   -1.0
0.961 0.225 0.840 0.694   1.0
0.051 0.161 0.974 0.073   -1.0
0.312 0.042 0.712 0.887   -1.0
0.495 0.507 0.708 0.572   1.0
0.235 0.449 0.364 0.282   -1.0
0.491 0.724 0.468 0.825   1.0
0.376 0.786 0.131 0.216   -1.0
0.808 0.267 0.641 0.782   1.0
0.042 0.094 0.382 0.754   1.0
0.465 0.249 0.488 0.174   -1.0
0.685 0.408 0.270 0.049   -1.0
0.491 0.540 0.415 0.959   1.0
0.322 0.335 0.152 0.453   -1.0
0.632 0.261 0.818 0.273   -1.0
0.158 0.315 0.136 0.540   -1.0
0.117 0.005 0.317 0.606   -1.0
0.138 0.291 0.587 0.408   -1.0
0.278 0.899 0.880 0.694   1.0
0.246 0.016 0.194 0.398   -1.0
0.745 0.029 0.730 0.563   1.0
0.773 0.721 0.617 0.909   1.0
0.685 0.027 0.267 0.002   -1.0
0.446 0.140 0.923 0.033   -1.0
0.263 0.312 0.448 0.143   -1.0
0.306 0.389 0.021 0.500   -1.0
0.491 0.244 0.816 0.221   -1.0
0.118 0.994 0.528 0.735   1.0
0.790 0.420 0.930 0.056   1.0
0.563 0.502 0.562 0.486   1.0
0.110 0.749 0.846 0.557   1.0
0.852 0.863 0.281 0.873   1.0
0.067 0.364 0.607 0.883   -1.0
0.414 0.001 0.578 0.943   -1.0
0.482 0.732 0.155 0.412   -1.0
0.577 0.974 0.290 0.139   -1.0
0.825 0.249 0.210 0.671   -1.0
0.102 0.523 0.670 0.383   -1.0
0.033 0.451 0.760 0.640   -1.0
0.344 0.055 0.335 0.923   1.0
0.071 0.405 0.730 0.226   -1.0
0.518 0.803 0.791 0.808   1.0
0.251 0.633 0.191 0.461   -1.0
0.998 0.563 0.827 0.668   1.0
0.224 0.701 0.398 0.983   1.0
0.732 0.328 0.396 0.067   -1.0
0.393 0.137 0.655 0.123   -1.0
0.472 0.641 0.166 0.262   -1.0
0.108 0.514 0.082 0.300   1.0
0.386 0.297 0.538 0.214   1.0
0.485 0.437 0.666 0.882   1.0
0.007 0.614 0.749 0.403   -1.0
0.999 0.796 0.818 0.655   1.0
0.180 0.126 0.560 0.347   -1.0
0.009 0.455 0.902 0.091   -1.0
0.877 0.478 0.052 0.415   -1.0
0.016 0.900 0.129 0.682   -1.0
0.550 0.688 0.396 0.298   -1.0
0.077 0.298 0.887 0.894   -1.0
0.806 0.075 0.078 0.366   -1.0
0.467 0.376 0.876 0.370   1.0
0.631 0.247 0.945 0.682   1.0
0.637 0.698 0.562 0.766   1.0
0.345 0.316 0.069 0.741   -1.0
0.160 0.818 0.912 0.047   -1.0
0.864 0.853 0.787 0.943   1.0
0.209 0.410 0.595 0.085   -1.0
0.063 0.716 0.026 0.008   -1.0
0.688 0.645 0.096 0.251   -1.0
0.477 0.595 0.727 0.545   1.0
0.342 0.705 0.155 0.254   -1.0
0.867 0.118 0.605 0.655   1.0
0.825 0.864 0.471 0.420   1.0
0.250 0.483 0.665 0.277   -1.0
0.063 0.965 0.136 0.159   -1.0
0.547 0.636 0.811 0.275   1.0
0.148 0.616 0.887 0.303   -1.0
0.639 0.170 0.988 0.244   1.0
0.049 0.069 0.688 0.520   -1.0
0.637 0.771 0.973 0.302   1.0
0.464 0.365 0.013 0.600   -1.0
0.228 0.148 0.160 0.040   -1.0
0.341 0.188 0.038 0.228   -1.0
0.908 0.867 0.660 0.897   1.0
0.485 0.946 0.180 0.173   -1.0
0.670 0.811 0.237 0.642   1.0
0.284 0.106 0.478 0.297   -1.0
0.002 0.525 0.854 0.163   -1.0
0.276 0.504 0.753 0.314   -1.0
0.243 0.223 0.599 0.903   -1.0
0.710 0.388 0.065 0.890   1.0
0.531 0.559 0.372 0.768   1.0
0.485 0.052 0.308 0.964   -1.0
0.014 0.966 0.874 0.869   1.0
0.439 0.145 0.633 0.192   -1.0
0.365 0.435 0.682 0.964   1.0
0.801 0.674 0.727 0.866   1.0
0.288 0.397 0.123 0.661   -1.0
0.325 0.146 0.217 0.632   -1.0
0.566 0.647 0.076 0.440   -1.0
0.205 0.880 0.660 0.838   1.0
0.119 0.203 0.507 0.801   -1.0
0.846 0.602 0.841 0.572   1.0
0.404 0.861 0.865 0.527   1.0
0.030 0.852 0.668 0.248   -1.0
0.778 0.814 0.131 0.854   1.0
0.647 0.059 0.134 0.307   -1.0
0.206 0.426 0.100 0.713   -1.0
0.267 0.558 0.829 0.108   -1.0
0.297 0.512 0.992 0.163   -1.0
0.513 0.193 0.891 0.181   -1.0
0.375 0.959 0.254 0.507   1.0
0.508 0.153 0.872 0.642   1.0
0.769 0.848 0.886 0.870   1.0
0.113 0.137 0.119 0.942   -1.0
0.250 0.240 0.757 0.242   -1.0
0.796 0.755 0.596 0.688   1.0
0.036 0.063 0.896 0.291   -1.0
0.710 0.799 0.723 0.582   1.0
0.183 0.351 0.289 0.069   -1.0
0.850 0.182 0.358 0.969   1.0
0.602 0.219 0.364 0.359   -1.0
0.766 0.155 0.217 0.362   -1.0
0.153 0.399 0.906 0.050   -1.0
0.475 0.759 0.489 0.198   -1.0
0.930 0.381 0.692 0.220   1.0
0.913 0.070 0.631 0.271   -1.0
0.755 0.873 0.258 0.119   1.0
0.719 0.886 0.387 0.936   1.0
0.230 0.089 0.646 0.136   -1.0
0.336 0.612 0.898 0.824   1.0
0.239 0.754 0.190 0.931   -1.0
0.640 0.844 0.043 0.271   -1.0
0.082 0.026 0.988 0.340   -1.0
0.220 0.060 0.031 0.607   1.0
0.278 0.837 0.085 0.925   -1.0
0.224 0.260 0.585 0.122   -1.0
0.395 0.361 0.839 0.586   1.0
0.812 0.225 0.137 0.856   1.0
0.252 0.938 0.522 0.240   -1.0
0.667 0.460 0.338 0.697   1.0
0.334 0.976 0.904 0.420   1.0
0.877 0.644 0.160 0.463   1.0
0.245 0.858 0.127 0.083   -1.0
0.419 0.896 0.669 0.556   1.0
0.164 0.808 0.690 0.686   1.0
0.968 0.353 0.507 0.307   1.0
0.573 0.641 0.026 0.477   -1.0
0.926 0.355 0.704 0.086   1.0
0.470 0.331 0.675 0.597   1.0
0.119 0.016 0.310 0.787   -1.0
0.062 0.952 0.380 0.752   1.0
0.427 0.720 0.990 0.934   1.0
0.040 0.507 0.668 0.066   1.0
0.729 0.992 0.339 0.434   1.0
0.157 0.904 0.410 0.832   1.0
0.824 0.951 0.517 0.135   1.0
0.089 0.197 0.690 0.469   -1.0
0.328 0.896 0.669 0.318   1.0
0.697 0.359 0.336 0.365   -1.0
0.321 0.094 0.417 0.660   -1.0
0.495 0.817 0.432 0.905   1.0
0.933 0.730 0.599 0.450   1.0
0.337 0.539 0.062 0.027   -1.0
0.011 0.355 0.903 0.680   -1.0
0.732 0.377 0.031 0.068   -1.0
0.456 0.389 0.836 0.873   1.0
0.364 0.368 0.866 0.796   1.0
0.515 0.728 0.003 0.114   -1.0
0.867 0.452 0.716 0.929   1.0
0.723 0.940 0.834 0.626   1.0
0.507 0.358 0.996 0.538   1.0
0.738 0.994 0.816 0.574   1.0
0.865 0.938 0.235 0.732   1.0
0.508 0.247 0.462 0.511   -1.0
0.639 0.378 0.813 0.356   1.0
0.292 0.079 0.247 0.126   -1.0
0.867 0.632 0.063 0.863   1.0
0.490 0.601 0.164 0.306   -1.0
0.031 0.171 0.113 0.266   -1.0
0.847 0.774 0.150 0.308   1.0
0.510 0.948 0.663 0.323   1.0
0.971 0.615 0.382 0.218   1.0
0.087 0.085 0.373 0.151   -1.0
0.544 0.641 0.549 0.708   1.0
0.724 0.739 0.118 0.837   1.0
0.021 0.684 0.779 0.170   1.0
0.064 0.681 0.939 0.727   1.0
0.243 0.698 0.619 0.625   1.0
0.360 0.712 0.001 0.733   -1.0
0.948 0.277 0.503 0.497   -1.0
0.450 0.221 0.724 0.567   -1.0
0.729 0.588 0.741 0.508   1.0
0.733 0.572 0.439 0.673   1.0
0.443 0.915 0.997 0.062   1.0
0.913 0.421 0.252 0.914   1.0
0.115 0.862 0.431 0.618   1.0
0.416 0.068 0.580 0.140   -1.0
0.638 0.868 0.223 0.379   1.0
0.982 0.112 0.948 0.421   1.0
0.247 0.863 0.700 0.244   1.0
0.239 0.157 0.346 0.491   -1.0
0.501 0.606 0.933 0.932   1.0
0.293 0.348 0.292 0.873   -1.0
0.927 0.510 0.356 0.150   -1.0
0.732 0.132 0.001 0.679   -1.0
0.786 0.926 0.416 0.486   1.0
0.341 0.725 0.327 0.687   1.0
0.398 0.188 0.823 0.331   -1.0
0.047 0.624 0.468 0.339   -1.0
0.956 0.266 0.007 0.312   -1.0
0.897 0.043 0.548 0.898   1.0
0.100 0.684 0.649 0.516   -1.0
0.819 0.857 0.895 0.146   1.0
0.111 0.544 0.732 0.934   1.0
0.853 0.981 0.499 0.321   1.0
0.996 0.276 0.585 0.003   -1.0
0.001 0.900 0.631 0.548   1.0
0.354 0.649 0.482 0.003   -1.0
0.652 0.822 0.022 0.546   -1.0
0.566 0.658 0.511 0.299   1.0
0.386 0.151 0.572 0.885   -1.0
0.891 0.881 0.748 0.476   1.0
0.336 0.477 0.784 0.968   1.0
0.581 0.322 0.674 0.063   -1.0
0.838 0.715 0.147 0.860   1.0
0.115 0.426 0.919 0.626   1.0
0.510 0.012 0.876 0.082   -1.0
0.348 0.973 0.778 0.097   1.0
0.662 0.433 0.926 0.445   1.0
0.951 0.027 0.723 0.624   1.0
0.049 0.463 0.805 0.196   -1.0
0.066 0.311 0.750 0.985   1.0
0.475 0.495 0.949 0.351   1.0
0.847 0.699 0.551 0.625   1.0
0.001 0.286 0.229 0.927   -1.0
0.630 0.877 0.759 0.353   1.0
0.849 0.402 0.965 0.654   1.0
0.288 0.720 0.909 0.038   -1.0
0.846 0.512 0.201 0.795   1.0
0.778 0.642 0.562 0.330   1.0
0.358 0.330 0.553 0.587   -1.0
0.284 0.217 0.134 0.043   -1.0
0.636 0.892 0.972 0.601   1.0
0.570 0.889 0.265 0.479   1.0
0.971 0.324 0.439 0.171   -1.0
0.302 0.950 0.761 0.864   1.0
0.027 0.223 0.610 0.580   -1.0
0.867 0.864 0.027 0.001   -1.0
0.597 0.637 0.799 0.569   1.0
0.344 0.139 0.127 0.609   -1.0
0.053 0.580 0.942 0.492   1.0
0.062 0.794 0.701 0.823   1.0
0.980 0.850 0.881 0.590   1.0
0.691 0.457 0.294 0.718   1.0
0.201 0.315 0.096 0.999   -1.0
0.334 0.343 0.024 0.461   1.0
0.642 0.514 0.532 0.584   1.0
0.284 0.646 0.800 0.984   1.0
0.459 0.965 0.319 0.340   1.0
0.749 0.031 0.012 0.043   -1.0
0.471 0.243 0.065 0.566   -1.0
0.949 0.900 0.586 0.973   1.0
0.539 0.615 0.875 0.071   1.0
0.881 0.355 0.845 0.681   1.0
0.314 0.141 0.304 0.633   -1.0
0.860 0.381 0.512 0.872   1.0
0.261 0.343 0.667 0.326   -1.0
0.910 0.275 0.809 0.497   1.0
0.170 0.036 0.864 0.045   -1.0
0.063 0.926 0.462 0.908   1.0
0.802 0.222 0.748 0.106   -1.0
0.229 0.965 0.236 0.741   1.0
0.660 0.002 0.180 0.328   -1.0
0.089 0.238 0.604 0.898   -1.0
0.852 0.068 0.770 0.716   1.0
0.877 0.779 0.038 0.339   1.0
0.646 0.140 0.910 0.393   1.0
0.765 0.622 0.212 0.001   -1.0
0.049 0.662 0.366 0.229   1.0
0.694 0.318 0.227 0.298   -1.0
0.961 0.150 0.284 0.731   1.0
0.397 0.608 0.646 0.435   1.0
0.334 0.081 0.087 0.244   -1.0
0.333 0.009 0.096 0.545   -1.0
0.459 0.594 0.672 0.825   1.0
0.661 0.519 0.140 0.888   1.0
0.356 0.849 0.967 0.640   1.0
0.833 0.036 0.188 0.479   -1.0
0.135 0.813 0.552 0.222   -1.0
0.026 0.555 0.065 0.122   -1.0
0.076 0.582 0.693 0.748   1.0
0.516 0.409 0.926 0.656   1.0
0.742 0.012 0.146 0.709   -1.0
0.726 0.542 0.688 0.914   1.0
0.160 0.048 0.834 0.712   -1.0
0.891 0.738 0.825 0.956   1.0
0.924 0.032 0.442 0.617   1.0
0.848 0.133 0.188 0.774   -1.0
0.484 0.516 0.801 0.630   1.0
0.453 0.356 0.768 0.141   -1.0
0.789 0.301 0.318 0.623   1.0
0.588 0.514 0.750 0.412   1.0
0.610 0.336 0.501 0.052   1.0
0.280 0.900 0.087 0.468   -1.0
0.876 0.952 0.191 0.677   1.0
0.416 0.130 0.938 0.184   -1.0
0.208 0.973 0.573 0.525   1.0
0.585 0.113 0.110 0.335   -1.0
0.580 0.945 0.861 0.081   -1.0
0.815 0.362 0.897 0.902   1.0
0.571 0.778 0.782 0.762   1.0
0.364 0.178 0.585 0.302   -1.0
0.857 0.510 0.336 0.430   1.0
0.933 0.015 0.148 0.043   -1.0
0.673 0.623 0.295 0.534   1.0
0.292 0.349 0.066 0.189   -1.0
0.896 0.761 0.028 0.678   1.0
0.483 0.042 0.701 0.069   -1.0
0.063 0.926 0.855 0.399   1.0
0.890 0.332 0.371 0.038   -1.0
0.721 0.711 0.998 0.016   1.0
0.702 0.308 0.594 0.768   1.0
0.845 0.664 0.258 0.873   1.0
0.781 0.356 0.383 0.482   1.0
0.728 0.545 0.351 0.582   1.0
0.706 0.472 0.276 0.077   -1.0
0.651 0.798 0.221 0.649   1.0
0.466 0.351 0.123 0.060   -1.0
0.620 0.905 0.783 0.878   1.0
0.124 0.659 0.134 0.507   -1.0
0.558 0.235 0.686 0.909   1.0
0.630 0.616 0.289 0.906   1.0
0.800 0.557 0.491 0.021   -1.0
0.305 0.487 0.556 0.428   -1.0
0.675 0.048 0.453 0.458   -1.0
0.231 0.582 0.585 0.364   -1.0
0.725 0.923 0.324 0.411   1.0
0.141 0.041 0.448 0.430   -1.0
0.141 0.230 0.504 0.632   -1.0
0.709 0.937 0.738 0.266   1.0
0.286 0.941 0.412 0.739   1.0
0.338 0.969 0.980 0.923   1.0
0.068 0.648 0.257 0.392   -1.0
0.089 0.533 0.099 0.536   1.0
0.046 0.677 0.194 0.550   -1.0
0.445 0.259 0.245 0.183   -1.0
0.610 0.469 0.465 0.022   -1.0
0.863 0.361 0.177 0.843   1.0
0.511 0.912 0.931 0.768   1.0
0.990 0.857 0.837 0.089   1.0
0.800 0.135 0.070 0.994   -1.0
0.379 0.438 0.944 0.624   1.0
0.468 0.234 0.090 0.933   -1.0
0.297 0.797 0.617 0.475   1.0
0.900 0.985 0.551 0.831   1.0
0.855 0.821 0.610 0.691   1.0
0.003 0.492 0.045 0.073   -1.0
0.729 0.451 0.924 0.673   1.0
0.545 0.141 0.309 0.635   -1.0
0.565 0.933 0.871 0.182   1.0
0.511 0.082 0.393 0.062   -1.0
0.146 0.917 0.734 0.756   1.0
0.643 0.758 0.100 0.688   1.0
0.585 0.417 0.283 0.509   -1.0
0.358 0.054 0.232 0.667   -1.0
0.306 0.232 0.622 0.177   -1.0
0.029 0.688 0.496 0.421   -1.0
0.409 0.567 0.666 0.143   -1.0
0.274 0.786 0.081 0.374   -1.0
0.913 0.959 0.892 0.195   1.0
0.982 0.553 0.523 0.214   1.0
0.213 0.520 0.452 0.834   1.0
0.867 0.863 0.385 0.363   1.0
0.135 0.772 0.852 0.801   1.0
